3475940
3475950
3475960
3475970
3475980
3476010
3476040
3476060
3475100
3475110
3467980
3467990
3468010
3468050
3468070
3468080
3468090
3463420
3463450
3463460
3463470
3463480
3463490
3463500
3463530
3463550
3463560
3463580
3463590
3462610
3462680
3462720
3462730
3462740
3460080
3460090
3459110
3459120
3459130
3459140
3459160
3455650
3455660
3455670
3455680
3455690
3455700
3455710
3455720
3455730
3455740
3455750
3453040
3453050
3453060
3453080
3452100
3452120
3452170
3452190
3452200
3452230
3452260
3452270
3452280
3448760
3448770
3448790
3448800
3448810
3448830
3448840
3445320
3442450
3442470
3442480
3442490
3442500
3442510
3438730
3438770
3438780
3418990
3419000
3419010
3414740
3414750
3414780
3414800
3414820
3414830
3411240
3411260
3411310
3411320
3411360
3411410
3411420
3407600
3407610
3407640
3407650
3407670
3407680
3407690
3407700
3407710
3403750
3403780
3403790
3399560
3399570
3399580
3399590
3399630
3399670
3399680
3399690
3399700
3390210
3390250
3390260
3390270
3390280
3386160
3386230
3386240
3386250
3379240
3379250
3379260
3379270
3375010
3375020
3372210
3372220
3372230
3372240
3372250
3372260
3368360
3368390
3368400
3365670
3365680
3365690
3365700
3365710
3365720
3365730
3365740
3365760
3365780
3365790
3362040
3362060
3362070
3362090
3362100
3362130
3362140
3362150
3362160
3362170
3362190
3360150
3360170
3360190
3354950
3354980
3354990
3355020
3355030
3351420
3351430
3351460
3351470
3351480
3351490
3351530
3351540
3345210
3345230
3344250
3344270
3337300
3337310
3333840
3333860
3333870
3333890
3333900
3333910
337320
334230
334260
334270
334280
334290
334300
334310
334330
333510
333520
331358
331370
331380
331390
331400
331420
331430
331440
331450
331460
331470
331480
331490
331491
328400
328402
328430
328440
328450
328460
328470
328480
328500
328510
328530
328550
328560
328580
328590
328640
328650
328670
3167270
3167280
3167320
3167330
3167380
3167400
3167410
3167440
3167450
3167480
3167490
3167520
3167530
3167540
3167560
365140
365150
362350
362360
359740
359750
359760
359780
359781
359790
359800
359810
359840
359850
359860
359890
359900
359920
359930
356124
356130
356140
356160
353940
353970
353980
353990
354020
354030
354040
351280
351290
351300
351320
351330
351340
351390
351400
351410
351420
351430
348250
348270
348280
348290
348300
348310
348320
345562
345570
345580
345610
343760
343770
343780
343800
343810
343820
343830
343170
343180
343250
343270
343280
343290
343300
343310
341320
341340
341360
341380
341390
341410
341440
341450
341460
341470
341480
341500
341510
341530
335580
335590
335640
335650
335660
335670
335680
335690
335700
335770
335790
335800
333480
333481
333490
333500
332710
332730
332740
332750
332760
330980
330981
330982
330983
330210
330230
330240
330260
330270
330280
330340
330350
330360
330361
330362
330363
330370
327610
327640
327670
327690
326790
326800
326840
326880
326950
324913
324920
325040
325041
325042
325043
325044
325060
325070
325080
325090
325100
325110
325120
325130
325135
325136
325137
325138
325139
325140
325141
325142
325143
325144
325150
321641
321642
321643
321644
321645
321646
319012
319013
319014
319015
319016
319017
319018
319020
319030
319050
319060
319070
319080
319090
319120
319130
319140
319150
316410
316430
316440
316441
316442
316443
316444
316445
316446
316447
316448
316450
316460
316470
316480
316490
316491
316500
316510
316520
316530
316540
316541
316542
313340
313350
313360
308460
308540
305342
305360
305370
305380
305390
305400
305410
305420
305430
305431
305440
305450
305470
302120
302130
302160
302170
302180
298950
297894
297895
297900
297910
297920
297940
295230
295250
295270
295330
295162
294990
294650
294660
294670
294680
291860
291900
291901
291902
291910
291930
291950
291960
287980
288000
288020
288040
288060
284440
284441
283000
283020
283040
278730
278731
278732
278733
278734
278735
278736
278737
278810
278850
278890
275290
275310
275330
275350
275370
275390
274390
274430
274431
274440
274450
274470
274471
274480
274500
274520
274560
274620
274700
270790
270810
270830
270850
270870
270871
270900
270910
270930
270940
270941
270942
270950
270990
266870
266873
266874
266880
266930
266931
266940
266980
267000
267001
267060
267160
267180
258678
258740
258741
258742
258743
258744
258745
258750
258751
258752
258760
256010
256030
256050
256070
256100
256120
254900
254920
254940
254960
254980
255000
255010
255030
255060
255070
255140
255160
255161
255162
255163
255164
255165
255166
255167
255168
246760
246800
246820
246840
246880
245340
245350
245370
245390
245410
245430
241230
241240
241260
241280
241300
241320
241340
241360
241361
241362
239880
239890
239900
235740
235780
235800
235820
235883
235884
235900
235920
235940
235960
235980
236010
236090
236110
236130
236150
236290
234786
234787
234788
234789
234790
231475
231476
231477
231478
231479
231480
231481
231482
231483
231484
231485
231486
231487
231488
231489
231490
231491
231492
231494
230700
230760
230780
230790
226801
226820
226840
226860
226880
226960
226980
226990
226991
226992
226993
226994
226995
226996
226997
226998
226999
227000
227020
226240
226260
226280
226320
222615
222616
222617
222618
222619
222621
222622
222623
222624
222625
222626
222627
222628
222629
222630
222631
222632
222633
222634
222635
222636
222637
222638
222639
222640
222660
222680
222700
222710
219360
219380
219440
219441
219442
219443
219444
219445
219446
219447
219520
219540
219600
218640
218660
218680
218700
218740
218760
218780
218781
218784
218785
218786
218800
218820
218841
215510
215530
215532
215533
215534
215535
215536
215537
215550
215590
215630
215670
215690
215710
215770
215772
215790
215060
215080
215100
215120
215160
215180
215200
215220
215240
215241
215242
215243
215244
215245
215246
215247
211740
211780
211800
211820
211880
211900
211940
211954
211970
211990
211991
211992
211994
212010
212030
212041
212050
212090
212110
212140
212160
212170
212171
212172
212180
212211
212220
212240
211090
211120
209750
209771
209772
209790
209793
209801
209811
209812
209817
208911
208981
208982
208983
208984
208985
209000
209040
209060
209080
209120
209160
209170
209190
209201
209202
209230
209270
209300
209301
209302
209303
209304
209330
2299460
2299470
2299480
2299490
2299520
2299540
2299560
2299590
2299600
2299610
2299620
2299640
2299650
2299660
2299670
2299690
2299700
2299710
2299730
2299740
2299750
2299760
2299770
2299780
